-7332
2709
-7687
-9118
-2342
910
8213
4739
-849
-4285
-5219
6254
-163
-3027
-9068
1790
1601
3331
-5109
-3420
7876
9031
-663
1248
7206
-3843
-3388
1527
8991
534
-8936
3729
6030
-6727
5737
-8865
-2584
8123
1051
55
6909
-9173
-1516
1003
8563
-3465
408
9241
-2693
-3136
5502
9250
-3121
-4389
6172
-8387
2235
-7833
9016
-5999
710
9305
-5496
-3409
-5501
-853
8116
7598
9762
9352
3863
1676
4273
3735
3505
-2506
2636
-5446
2632
8482
4817
9648
-4570
-4547
816
-6370
9975
-3063
829
-334
862
-6941
-7805
8895
-7744
-9795
6567
2287
3360
-8031
-7859
-5961
-8602
2907
-1571
-4253
2101
-3954
674
2173
-6348
7279
7085
-863
4856
-801
-6960
-8761
-359
5792
-9099
6013
-9264
-8145
5367
-7503
7164
-9893
6065
-7297
-5513
4807
-8801
9408
8262
-9230
-1224
-6956
418
-3552
7905
6268
-3454
-1198
7646
-555
6176
4533
-4793
-9576
6445
-1900
3784
1577
4895
1659
2649
-9477
-4077
-2887
-4702
-420
-245
4248
-4454
9037
982
-3969
4206
-3673
9680
9196
7047
3154
-7046
7651
6661
-1949
1755
8733
137
-1599
-2088
-2610
-8485
8470
1318
-5349
2275
477
-2196
-3343
6062
-4752
7560
4801
-7646
-7946
-448
-8219
-2152
9773
-5070
2484
-8591
3407
-5700
485
-6728
-7072
-9012
-840
6695
4492
5102
-9456
-6929
-9796
6762
-3902
9994
949
2163
4053
3432
-9991
4910
5988
-4384
-1354
6568
8867
4573
-3914
-8953
-8815
-5069
8810
567
8950
-796
3611
954
-7758
7577
-1655
-1890
-3570
-2841
7691
6861
7326
6771
-9194
1330
-3179
8060
2922
-3604
-7539
728
-9478
7414
6786
-9886
-6833
-2759
-5257
5669
1210
-7396
-5847
-262
-8086
1895
-6364
6414
-4294
-8247
633
-8664
-1494
494
9138
3354
-5819
9981
-354
7124
-4784
1343
-6936
-147
812
-1550
-8978
5426
-1319
-7622
-387
386
-6595
-2020
9846
1865
-3955
-4363
4956
-8730
2848
8425
-7129
-2450
3746
6733
-5591
6242
2029
6392
7757
3240
6873
5333
8047
6281
300
2285
-3940
1082
-4980
5211
6577
8398
-5341
2198
-1709
1682
-2271
-7951
2799
-3352
1426
-253
106
-3875
-507
-6769
2351
9183
-5894
6813
-1035
-53
-2052
-8170
666
4972
-829
-3499
5145
2787
8900
5771
7724
-9405
-9427
9068
-6369
1972
-7497
-3939
5142
5738
960
2082
1626
-1941
7212
5670
-292
3963
-7955
-8806
2981
7863
-6431
-8763
-4314
1416
-5298
-9519
-8199
4428
8519
2510
7276
15
-7368
-4872
6297
-2429
-6143
9950
-1415
3634
-9635
-3811
-7658
-6619
-1791
9677
-3239
2960
-1946
-9269
-7972
4676
-9690
-1905
5972
7989
-9054
-854
7129
3979
-8084
-493
-8368
8245
-769
2434
4638
8852
-1293
7225
7455
4028
-4304
9385
-2986
3743
6467
-6117
-5499
-3254
9382
-1239
2703
1376
8210
-6440
5770
-2313
3750
2550
-4349
7472
-1430
7923
9220
7140
-7211
-7221
-9098
1414
4284
-8101
-9402
-5661
-3090
5476
7328
3977
-881
-6500
-6073
-9302
-2329
9128
-4851
-2312
-8393
-8284
9252
5656
3105
4297
-304
653
8592
-2148
-6797
804
-1392
3018
-3718
4596
-492
8799
-6706
